Strengh: FonceurStrategyTest

3.55365941775
3.880796863
3.7374684683
3.76372569552
2.68786671169
3.63701097693
2.82547699578
3.10318255852
3.47808979123
2.36545839835
3.56301297677
3.78647227558
1.30329819888
2.6995289574
3.2957864342
3.87680527609
3.85130227131
2.792215344
2.82712560279
3.4988646953
2.21085487897
2.72160038836
2.20574944526
3.78167978543
3.33776664131
3.13867908725
2.29991991542
3.62359137125
0.881336670934
1.27019348883
3.89671938609
2.9624831246
2.69477206819
3.89207706498
4.22648850683
3.615630044
3.32889954457
1.8727464186
3.40883257911
3.76434698652
2.57735566336
3.90565369162
3.06627847393
2.65993150703
2.12115131168
1.75248886823
2.35313311489
3.42323184953
1.39857136534
2.59805886324
1.00033397729
4.46842943589
3.17765316199
2.35418944107
3.8188287501
2.45566659676
3.8723584975
1.82716691936
4.57102148417
2.16896728008
4.09394714898
1.21351845728
2.92222193835
4.57975461264
2.30550932938
4.70437995901
3.59964099865
2.77186507805
2.426855848
2.14909154873
2.97625946601
3.04054786263
1.88644180154
1.96629912356
3.16887533727
3.73886734667
4.3037322091
2.82930343255
2.44304754187
4.20390819432
4.06047493644
4.18658494775
3.39739709354
4.87371006341
3.06650281252
3.27181577477
2.38115951797
4.22873619303
2.80035165215
2.9711228211
3.04601817045
3.00879566459
2.7690726949
3.62065523813
3.89811118748
2.35239058659
3.04217025387
2.71512246466
2.43133911496
1.50617948675
2.44617480047
2.22306933927
1.74649222335
2.09106393262
3.98830335988
2.63590893019
3.99281619163
2.94787802891
1.75409389988
1.76401126692
2.68938141769
1.21175362952
3.0707405619
3.21759461161
4.67629597511
